1 Byte

Sending probe messages:
        # probes         Time Msg Sent(nano secs)        Time Msg Recieved(nano secs)    RTT (nano secs)
           1                            45566164337693    45566165133950                  796257
           2                            45566165437999    45566166299256                  861257
           3                            45566166558403    45566167374331                  815928
           4                            45566168487894    45566169454350                  966456
           5                            45566170526004    45566171406505                  880501
           6                            45566172132202    45566172949841                  817639
           7                            45566174012087    45566174936635                  924548
           8                            45566175897531    45566176860566                  963035
           9                            45566178013899    45566178955124                  941225
           10                           45566179910034    45566180961161                  1051127
           11                           45566181788208    45566182866277                  1078069
           12                           45566183745495    45566184802609                  1057114
           13                           45566185646334    45566186719271                  1072937
           14                           45566187556153    45566188700078                  1143925
           15                           45566189471532    45566190678747                  1207215
           16                           45566191632801    45566192854128                  1221327
           17                           45566193569134    45566194754111                  1184977
           18                           45566195557210    45566196813603                  1256393
           19                           45566197515780    45566198760627                  1244847
           20                           45566199552180    45566200867586                  1315406
 Average RTT: 1040009 nano seconds
 
 100 Bytes
 Sending probe messages:
        # probes         Time Msg Sent(nano secs)        Time Msg Recieved(nano secs)    RTT (nano secs)
           1                            45642132381787    45642144395774                  12013987
           2                            45642144695974    45642161032927                  16336953
           3                            45642161383160    45642180994944                  19611784
           4                            45642181300704    45642202674773                  21374069
           5                            45642202984381    45642229537969                  26553588
           6                            45642229826623    45642261165451                  31338828
           7                            45642261452822    45642297046622                  35593800
           8                            45642297316032    45642337253323                  39937291
           9                            45642337528721    45642383409288                  45880567
           10                           45642383619257    45642435167275                  51548018
           11                           45642435445666    45642491589909                  56144243
           12                           45642491891392    45642552644689                  60753297
           13                           45642552872191    45642606321476                  53449285
           14                           45642606576347    45642611732774                  5156427
           15                           45642612032974    45642617113281                  5080307
           16                           45642617369863    45642622330860                  4960997
           17                           45642622649448    45642627969232                  5319784
           18                           45642628280123    45642633986489                  5706366
           19                           45642634232807    45642639821145                  5588338
           20                           45642640114076    45642645938896                  5824820
 Average RTT: 25408637 nano seconds
 
 200 k
 Sending probe messages:
        # probes         Time Msg Sent(nano secs)        Time Msg Recieved(nano secs)    RTT (nano secs)
           1                            45723531653781    45723558823164                  27169383
           2                            45723559144746    45723596556851                  37412105
           3                            45723596778794    45723652285860                  55507066
           4                            45723652576652    45723725135250                  72558598
           5                            45723725461963    45723817648168                  92186205
           6                            45723817979157    45723928569931                  110590774
           7                            45723928762367    45724004890865                  76128498
           8                            45724005089288    45724014548154                  9458866
           9                            45724014708089    45724024199455                  9491366
           10                           45724024373503    45724034059443                  9685940
           11                           45724034226221    45724043699199                  9472978
           12                           45724043870681    45724054137778                  10267097
           13                           45724054411892    45724064456618                  10044726
           14                           45724064705074    45724075106021                  10400947
           15                           45724075283490    45724084941206                  9657716
           16                           45724085149037    45724094890997                  9741960
           17                           45724095075736    45724104650063                  9574327
           18                           45724104881842    45724114423241                  9541399
           19                           45724114618671    45724124109182                  9490511
           20                           45724124263130    45724133773313                  9510183
 Average RTT: 29894532 nano seconds
 
 
 
400k
Sending probe messages:
        # probes         Time Msg Sent(nano secs)        Time Msg Recieved(nano secs)    RTT (nano secs)
           1                            45792376202777    45792440809924                  64607147
           2                            45792441269204    45792564137816                  122868612
           3                            45792564337949    45792758861566                  194523617
           4                            45792759094199    45792851804685                  92710486
           5                            45792852256695    45792872304240                  20047545
           6                            45792872525327    45792891586745                  19061418
           7                            45792891794148    45792911269944                  19475796
           8                            45792911479485    45792933922215                  22442730
           9                            45792934235672    45792953789298                  19553626
           10                           45792954034333    45792972725418                  18691085
           11                           45792973134237    45792991925389                  18791152
           12                           45792992278616    45793011000918                  18722302
           13                           45793011440955    45793030215429                  18774474
           14                           45793030534018    45793052156543                  21622525
           15                           45793052521316    45793070654765                  18133449
           16                           45793071083255    45793089833782                  18750527
           17                           45793090190002    45793109043161                  18853159
           18                           45793109502869    45793128495437                  18992568
           19                           45793128868335    45793146610498                  17742163
           20                           45793146973988    45793164736249                  17762261
 
 
800k
Sending probe messages:
        # probes         Time Msg Sent(nano secs)        Time Msg Recieved(nano secs)    RTT (nano secs)
           1                            45833981932407    45834167671110                  185738703
           2                            45834168002955    45834450731491                  282728536
           3                            45834451003895    45834484553170                  33549275
           4                            45834484890574    45834517597835                  32707261
           5                            45834518069517    45834552009650                  33940133
           6                            45834552285475    45834586320544                  34035069
           7                            45834586616467    45834620388113                  33771646
           8                            45834620620746    45834654106731                  33485985
           9                            45834654398379    45834687266003                  32867624
           10                           45834687606828    45834720388070                  32781242
           11                           45834720753271    45834753446420                  32693149
           12                           45834753808627    45834786848588                  33039961
           13                           45834787141946    45834819496408                  32354462
           14                           45834819765818    45834852078799                  32312981
           15                           45834852258406    45834883753321                  31494915
           16                           45834883945329    45834915036556                  31091227
           17                           45834915333335    45834946488707                  31155372
           18                           45834946718347    45834977904509                  31186162
           19                           45834978132867    45835009576465                  31443598
           20                           45835009747947    45835041305724                  31557777
 Average RTT: 52696753 nano seconds
 
 
 rtt 1000 20 0
1000 bytes
Sending probe messages:
        # probes         Time Msg Sent(nano secs)        Time Msg Recieved(nano secs)    RTT (nano secs)
           1                            45906057550308    45906326517966                  268967658
           2                            45906326862212    45906539649706                  212787494
           3                            45906539967867    45906579893185                  39925318
           4                            45906580234865    45906614559871                  34325006
           5                            45906614907111    45906643010877                  28103766
           6                            45906643288413    45906684690355                  41401942
           7                            45906685001246    45906726809870                  41808624
           8                            45906727106649    45906768676652                  41570003
           9                            45906768941358    45906809429872                  40488514
           10                           45906809736486    45906851123462                  41386976
           11                           45906851464287    45906891184767                  39720480
           12                           45906891588455    45906930683305                  39094850
           13                           45906931064328    45906969933814                  38869486
           14                           45906970171580    45907009687223                  39515643
           15                           45907009924988    45907049042503                  39117515
           16                           45907049260169    45907088176695                  38916526
           17                           45907088391796    45907127115886                  38724090
           18                           45907127319012    45907165942608                  38623596
           19                           45907166207315    45907205125979                  38918664
           20                           45907205320553    45907244016847                  38696294
 Average RTT: 59048122 nano seconds
 
tput 1024 20 0
200 OK: Ready
Sending probe messages:
        # probes         Time Msg Sent(nano secs)        Time Msg Recieved(nano secs)    TPUT (bits/mili seconds)
           1            46689339978216            46689616795121                          3.710145
           2            46689617524667            46689812923652                          5.251282
           3            46689813323492            46689854493228                          24.975609
           4            46689854878100            46689896235568                          24.975609
           5            46689896585374            46689938721567                          24.380953
           6            46689939075649            46689982143658                          23.813953
           7            46689982467806            46690024420971                          24.975609
           8            46690024660446            46690066607624                          24.975609
           9            46690066919798            46690108135719                          24.975609
           10           46690108445327            46690150394215                          24.975609
           11           46690150925766            46690191501089                          25.6
           12           46690191866290            46690231743713                          26.25641
           13           46690232054603            46690271557417                          26.25641
           14           46690271814854            46690306715884                          30.117647
           15           46690306988715            46690346589458                          26.25641
           16           46690346852026            46690387084814                          25.6
           17           46690387352086            46690426784340                          26.25641
           18           46690427184607            46690466898245                          26.25641
           19           46690467125747            46690506303131                          26.25641
           20           46690506514810            46690545836734                          26.25641
 Average TPUT: 23 bits/mili seconds
 
 
 tput 2048 20 0
200 OK: Ready
Sending probe messages:
        # probes         Time Msg Sent(nano secs)        Time Msg Recieved(nano secs)    TPUT (bits/mili seconds)
           1            46711845963186            46712224182265                          5.4179893
           2            46712225014443            46712306406704                          25.28395
           3            46712306768483            46712394451260                          23.54023
           4            46712394774125            46712480905868                          23.813953
           5            46712481209917            46712567150507                          24.094118
           6            46712567529392            46712650645879                          24.674698
           7            46712650904170            46712730676121                          25.924051
           8            46712730919018            46712810640935                          25.924051
           9            46712810868865            46712890129791                          25.924051
           10           46712890446669            46712970438424                          25.924051
           11           46712970722374            46712996830794                          78.76923
           12           46712997108757            46713055546836                          35.310345
           13           46713055808121            46713135014310                          25.924051
           14           46713135239674            46713214930802                          25.924051
           15           46713215142054            46713295169730                          25.6
           16           46713295366015            46713352238948                          36.57143
           17           46713352437371            46713432014748                          25.924051
           18           46713432243960            46713511554920                          25.924051
           19           46713511809791            46713588631913                          26.947369
           20           46713588858132            46713668277711                          25.924051
 Average TPUT: 27 bits/mili seconds
 
 tput 4096 20 0
200 OK: Ready
Sending probe messages:
        # probes         Time Msg Sent(nano secs)        Time Msg Recieved(nano secs)    TPUT (bits/mili seconds)
           1            46825320464788            46825717547288                          10.31738
           2            46825718526573            46825869329181                          27.306667
           3            46825869823955            46826032906966                          25.128834
           4            46826033422694            46826191163257                          26.089172
           5            46826191398029            46826348394507                          26.25641
           6            46826348678029            46826471570161                          33.57377
           7            46826471818617            46826629367172                          26.089172
           8            46826629580562            46826788470181                          25.924051
           9            46826788818276            46826945836563                          26.089172
           10           46826946106401            46827102846298                          26.25641
           11           46827103078076            46827240960537                          29.89781
           12           46827241245770            46827386307800                          28.248276
           13           46827386545566            46827542794964                          26.25641
           14           46827543028453            46827699771771                          26.25641
           15           46827700057859            46827830736802                          31.507692
           16           46827831092167            46827988937501                          26.089172
           17           46827989231287            46828145594864                          26.25641
           18           46828145895491            46828301899000                          26.25641
           19           46828302182094            46828401524776                          41.373737
           20           46828401800173            46828557884505                          26.25641
 Average TPUT: 26 bits/mili seconds
 
 
 tput 4096 20 0
200 OK: Ready
Sending probe messages:
        # probes         Time Msg Sent(nano secs)        Time Msg Recieved(nano secs)    TPUT (bits/mili seconds)
           1            46825320464788            46825717547288                          10.31738
           2            46825718526573            46825869329181                          27.306667
           3            46825869823955            46826032906966                          25.128834
           4            46826033422694            46826191163257                          26.089172
           5            46826191398029            46826348394507                          26.25641
           6            46826348678029            46826471570161                          33.57377
           7            46826471818617            46826629367172                          26.089172
           8            46826629580562            46826788470181                          25.924051
           9            46826788818276            46826945836563                          26.089172
           10           46826946106401            46827102846298                          26.25641
           11           46827103078076            46827240960537                          29.89781
           12           46827241245770            46827386307800                          28.248276
           13           46827386545566            46827542794964                          26.25641
           14           46827543028453            46827699771771                          26.25641
           15           46827700057859            46827830736802                          31.507692
           16           46827831092167            46827988937501                          26.089172
           17           46827989231287            46828145594864                          26.25641
           18           46828145895491            46828301899000                          26.25641
           19           46828302182094            46828401524776                          41.373737
           20           46828401800173            46828557884505                          26.25641
 Average TPUT: 26 bits/mili seconds


tput 8192 20 0
200 OK: Ready
Sending probe messages:
        # probes         Time Msg Sent(nano secs)        Time Msg Recieved(nano secs)    TPUT (bits/mili sec
           1            49510409201258            49511004079641                          13.791245
           2            49511005431396            49511257771310                          32.50794
           3            49511258202366            49511522678143                          31.030304
           4            49511523028804            49511837988642                          26.089172
           5            49511838298250            49512154421257                          25.924051
           6            49512154825800            49512478269069                          25.362228
           7            49512478579104            49512699566933                          37.236362
           8            49512699956509            49513015813527                          26.00635
           9            49513016156062            49513281963923                          30.913208
           10           49513282273959            49513507752387                          36.40889
           11           49513508071403            49513821895869                          26.172523
           12           49513822315380            49514136353664                          26.089172
           13           49514136618370            49514463935160                          25.051989
           14           49514464214406            49514744062817                          29.362007
           15           49514744395945            49515070371670                          25.206154
           16           49515070766378            49515402896203                          24.674698
           17           49515403682624            49515660123133                          32.0
           18           49515660437017            49515884830534                          36.57143
           19           49515885246196            49516204020541                          25.761005
           20           49516204402847            49516451319062                          33.30081
 Average TPUT: 28 bits/mili seconds 
 
 
 
 
 tput 16384 20 0
200 OK: Ready
Sending probe messages:
        # probes         Time Msg Sent(nano secs)        Time Msg Recieved(nano secs)    TPUT (bits/mili seconds)
           1            46910172635529            46911177646132                          16.302488
           2            46911178359428            46911572051636                          41.689568
           3            46911572364665            46912167440187                          27.536135
           4            46912167739532            46912623851531                          35.929825
           5            46912624106402            46913258018483                          25.883097
           6            46913258319966            46913724753799                          35.1588
           7            46913725095907            46913918112109                          84.89119
           8            46913918377671            46914470445480                          29.68116
           9            46914470729858            46914923978838                          36.16777
           10           46914924356013            46915470821799                          30.007326
           11           46915471178019            46916099006132                          26.130781
           12           46916099305049            46916513586188                          39.57488
           13           46916513853460            46917150325793                          25.761005
           14           46917150638823            46917764166382                          26.72757
           15           46917764466582            46918211884328                          36.653244
           16           46918212208475            46918744214200                          30.796993
           17           46918744578118            46919373438970                          26.089172
           18           46919373716505            46919820429936                          36.735428
           19           46919820732701            46920447973671                          26.130781
           20           46920448266173            46921081470518                          25.883097
 Average TPUT: 32 bits/mili seconds
 
 
 
 