0.0 40
0.0181405895692 64
0.0362811791383 32768
0.0544217687075 32768
0.0725623582766 32768
0.0907029478458 32768
0.108843537415 32768
0.126984126984 32768
0.145124716553 32768
0.163265306122 32768
0.181405895692 32768
0.199546485261 32768
0.21768707483 32186
0.235827664399 30364
0.253968253968 23964
0.272108843537 17779
0.290249433107 14382
0.308390022676 10068
0.326530612245 9890
0.344671201814 10718
0.362811791383 13306
0.380952380952 13692
0.399092970522 15630
0.417233560091 15645
0.43537414966 16583
0.453514739229 16208
0.471655328798 15487
0.489795918367 14792
0.507936507937 12651
0.526077097506 10972
0.544217687075 9178
0.562358276644 6834
0.580498866213 5116
0.598639455782 4805
0.616780045351 5594
0.634920634921 6451
0.65306122449 6950
0.671201814059 7221
0.689342403628 7335
0.707482993197 7299
0.725623582766 7231
0.743764172336 7293
0.761904761905 7095
0.780045351474 6915
0.798185941043 6374
0.816326530612 5896
0.834467120181 5140
0.852607709751 4537
0.87074829932 3833
0.888888888889 3245
0.907029478458 2735
0.925170068027 2421
0.943310657596 2534
0.961451247166 2972
0.979591836735 3300
0.997732426304 3690
1.01587301587 3953
1.03401360544 4174
1.05215419501 4275
1.07029478458 4231
1.08843537415 4258
1.10657596372 4145
1.12471655329 3933
1.14285714286 3722
1.16099773243 3458
1.179138322 3081
1.19727891156 2814
1.21541950113 2530
1.2335600907 2268
1.25170068027 2150
1.26984126984 2240
1.28798185941 2399
1.30612244898 2599
1.32426303855 2756
1.34240362812 2863
1.36054421769 2888
1.37868480726 2927
1.39682539683 2914
1.41496598639 2808
1.43310657596 2753
1.45124716553 2546
1.4693877551 2447
1.48752834467 2235
1.50566893424 2023
1.52380952381 1866
1.54195011338 1774
1.56009070295 1568
1.57823129252 1514
1.59637188209 1502
1.61451247166 1502
1.63265306122 1566
1.65079365079 1541
1.66893424036 1535
1.68707482993 1553
1.7052154195 1524
1.72335600907 1531
1.74149659864 1489
1.75963718821 1387
1.77777777778 1305
1.79591836735 1254
1.81405895692 1185
1.83219954649 1107
1.85034013605 1033
1.86848072562 972
1.88662131519 951
1.90476190476 901
1.92290249433 961
1.9410430839 929
1.95918367347 963
1.97732426304 980
1.99546485261 957
2.01360544218 993
2.03174603175 1009
2.04988662132 984
2.06802721088 1024
2.08616780045 1023
2.10430839002 1016
2.12244897959 1029
2.14058956916 986
2.15873015873 990
2.1768707483 1011
2.19501133787 1016
2.21315192744 1007
2.23129251701 988
2.24943310658 1018
2.26757369615 1051
2.28571428571 1027
2.30385487528 1048
2.32199546485 1039
2.34013605442 1040
2.35827664399 1074
2.37641723356 1037
2.39455782313 1036
2.4126984127 991
2.43083900227 981
2.44897959184 968
2.46712018141 948
2.48526077098 940
2.50340136054 922
2.52154195011 907
2.53968253968 908
2.55782312925 887
2.57596371882 888
2.59410430839 861
2.61224489796 862
2.63038548753 846
2.6485260771 863
2.66666666667 821
2.68480725624 822
2.7029478458 808
2.72108843537 815
2.73922902494 794
2.75736961451 820
2.77551020408 835
2.79365079365 809
2.81179138322 778
2.82993197279 823
2.84807256236 766
2.86621315193 753
2.8843537415 734
2.90249433107 741
2.92063492063 724
2.9387755102 775
2.95691609977 720
2.97505668934 742
2.99319727891 733
3.01133786848 699
3.02947845805 689
3.04761904762 690
3.06575963719 653
3.08390022676 654
3.10204081633 640
3.1201814059 627
3.13832199546 590
3.15646258503 567
3.1746031746 591
3.19274376417 557
3.21088435374 510
3.22902494331 479
3.24716553288 480
3.26530612245 483
3.28344671202 444
3.30158730159 423
3.31972789116 404
3.33786848073 390
3.35600907029 385
3.37414965986 353
3.39229024943 328
3.410430839 318
3.42857142857 317
3.44671201814 313
3.46485260771 323
3.48299319728 329
3.50113378685 313
3.51927437642 342
3.53741496599 321
3.55555555556 362
3.57369614512 395
3.59183673469 401
3.60997732426 406
3.62811791383 428
3.6462585034 447
3.66439909297 468
3.68253968254 479
3.70068027211 476
3.71882086168 491
3.73696145125 493
3.75510204082 472
3.77324263039 488
3.79138321995 521
3.80952380952 515
3.82766439909 526
3.84580498866 505
3.86394557823 498
3.8820861678 517
3.90022675737 518
3.91836734694 494
3.93650793651 493
3.95464852608 517
3.97278911565 494
3.99092970522 465
4.00907029478 474
4.02721088435 453
4.04535147392 499
4.06349206349 395
4.08163265306 373
4.09977324263 382
4.1179138322 336
4.13605442177 328
4.15419501134 309
4.17233560091 306
4.19047619048 288
4.20861678005 270
4.22675736961 259
4.24489795918 220
4.26303854875 217
4.28117913832 197
4.29931972789 192
4.31746031746 180
4.33560090703 153
4.3537414966 147
4.37188208617 163
4.39002267574 143
